0.4875202595177518 0.962288363676145 0.5148336011065603 0.1301354444486783 0.4206466570173135 0.07837024835806583 0.6859640786101728 0.6153429614509937 0.40921230915891416 0.9656630653089152
0.5330787528621478 0.09823884667940652 0.8660228989321908 0.7607014580225454 0.9286539725415083 0.49507804723900517 0.06537257826270271 0.40877507535516355 0.7859913188549752 0.017988160396108954
0.9448431394472304 0.05631310694468583 0.20810770354376018 0.1699746767005087 0.9426141678573635 0.8911799638515192 0.12560462607092726 0.4621161551571066 0.11766365444962257 0.2663294972425577
0.7845540049028259 0.9728254822333164 0.9924004828650225 0.37617773740443194 0.4153749705136106 0.9780831465961379 0.36801408933896906 0.3036332422929958 0.9670593832353469 0.7842204218507491
0.7798762334361202 0.7600172580254794 0.32379006352305073 0.9156345570251623 0.2562189663520662 0.8154654629230127 0.1642695075052647 0.567063784216083 0.4487176059592032 0.08256867877246332
0.5972919178661982 0.7107509341522814 0.6465547049780539 0.8647493539107994 0.7360757671485885 0.9683486625642501 0.4420578667426265 0.10637000959258758 0.14061974082079043 0.5179088358875612
0.24632024431053556 0.43915586050796074 0.7435787952308915 0.25974026590462884 0.5171234883294044 0.9319259022418483 0.19922339917338205 0.48949940517959944 0.34206786218311314 0.86078311779219
0.814283494377444 0.8702039443247236 0.8427698681936114 0.9087611629543442 0.5042430306103495 0.4006161056440032 0.910653983619673 0.7281023329971064 0.45180231252150893 0.4004946584525577
0.4940672906109881 0.9139902693883505 0.5428776587760668 0.022287060798913183 0.06404130119027651 0.9086820023964813 0.5873339471368032 0.23187992390539414 0.6174392852237339 0.968697143455716
0.8454470216887796 0.11003735207975107 0.8521205443144743 0.562765479810746 0.8682289478238485 0.12799396898403614 0.04374370783076653 0.19666121942904147 0.8369443248875418 0.998402973044615
0.006750784120952424 0.011282433632306521 0.8846847052587458 0.5150157189732527 0.32134855258927286 0.6210744053677509 0.09329314428798297 0.5955664518983202 0.6710853884831964 0.8465174701950707
0.8191597637052758 0.3897117504771288 0.6811536294929114 0.6238726606984599 0.7346627453479423 0.44437612730009957 0.7862185102796994 0.5165324226205614 0.3981391099171341 0.8615694983311444
0.9253096204183067 0.9188478895886036 0.31053399503956336 0.15082673188774665 0.19194880306288176 0.4701202219299827 0.5857233335157057 0.8848869031108088 0.4921160316151869 0.9738245045594931
0.9833704070519362 0.08097979450082493 0.08432195372135809 0.532320576968253 0.41797665988777055 0.9275559681316956 0.4057503706426284 0.10578462354306761 0.29866590162384965 0.8240639070449651
0.6634454669913551 0.6287852137714893 0.41713053769996 0.22185541842928458 0.2474542176421637 0.5158010304743792 0.29273527010771905 0.2573983318242572 0.17012679634401984 0.2894271694412627
0.7488959495704287 0.832008114702081 0.2224194120820544 0.153277213396252 0.5910962438404648 0.6107228695290491 0.12466025688223703 0.8151391278670621 0.5575830867429995 0.6190419936767658
0.8527829246561791 0.4320021057537218 0.5739459401312618 0.2542535559919833 0.36700852031757214 0.13458258662455436 0.43246478644357356 0.058452105195094695 0.9141060512519836 0.9577130534291682
0.6071268363875362 0.19964150983605322 0.13284243489576286 0.8913408544184812 0.46398632126831885 0.2202182856985735 0.026837364607598446 0.7860211153649691 0.6104328603335594 0.2556161348385506
0.15672087473062113 0.1837148197425753 0.9216539684198801 0.451580734728 0.5462185073966755 0.2728099162277402 0.4352042705463903 0.7447351105246184 0.4606138981256648 0.005840557772986643
0.8673027663416772 0.143750168789602 0.6962942134191628 0.8167123863798501 0.3001734225194106 0.44798731258668056 0.42645986804588865 0.45510676448038534 0.13162737252175616 0.4407437838174404
