0.8049977842880521 0.3657530051952387 0.9885558193920573 0.7444403130438312 0.3861568247589754 0.10838535039726394 0.6100131425229487 0.4359967261389639 0.6628881979466643 0.9200282576212181 0.28264748692672115
0.43682064663862996 0.4123234574895198 0.42769685253264067 0.8788679434835964 0.42545504333971274 0.9695532636735738 0.38523815624013724 0.28053510011203386 0.6840259619132385 0.8201169089226177 0.2698229272607302
0.6076014217587387 3.456012237379458e-05 0.6890801508609123 0.6518253491755779 0.14746147501443296 0.2577598267928056 0.29454112757643547 0.8500041583963015 0.7258689762537386 0.24176365096622343 0.24349843885583466
0.9295940316440724 0.7627881564391824 0.3829259214297486 0.14441163332775042 0.12490265861782257 0.7104167746899159 0.5539722130633428 0.19023351776988784 0.8404994995200503 0.6418630559997827 0.09565764118196884
0.8813659688425293 0.6135596545713702 0.12234822522039446 0.18048092068919164 0.7915872537144701 0.7526705216004803 0.3780272274441039 0.2647400265148119 0.37612348472137236 0.06530543464109195 0.9975320546079974
0.11886629395091675 0.015242859117656438 0.12982254345123534 0.7222408278552471 0.11770220463509007 0.15020650590344853 0.9356660196890215 0.2618835549885731 0.24823338462313482 0.4420508880795505 0.18055826296179955
0.5875220128945927 0.3730935769148743 0.5668975607443844 0.9036742499250606 0.5719249984435092 0.5570275522939233 0.7568667642586483 0.2466780022148326 0.11031284911175998 0.0705631670221537 0.08048627794934227
0.2754553862190252 0.7617846674471279 0.41647487675731865 0.666132934501532 0.6188644429333343 0.16473549590591363 0.8783523480250293 0.8825869490978852 0.5509890687951339 0.24419173838378094 0.9666346367236951
0.8939680275973674 0.7581922698157132 0.09362044921039414 0.25629800878356135 0.8333850341924232 0.26816505773242205 0.7489127867144302 0.7798188823461344 0.01083365628385935 0.5818271321289612 0.8567935074706645
0.5837529290080369 0.20220675983992675 0.8808153342219266 0.2247684926229806 0.08218998984472514 0.5212736294437975 0.49316410176139425 0.010095681065485529 0.5917940092882912 0.2750068116672719 0.31544131618960625
0.5309848332347408 0.016957255811830163 0.21335018824642527 0.42958966494146666 0.5070801332886181 0.7013704724618206 0.5590313078789755 0.6383523909756883 0.060172336588084185 0.1618113380406535 0.8731450846655853
